# Distance | g(r) | Coordination Number
   0.09000    0.00000    0.00000
   0.15000    0.00000    0.00000
   0.21000    0.00000    0.00000
   0.27000    0.00000    0.00000
   0.33000    0.00000    0.00000
   0.39000    0.00000    0.00000
   0.45000    0.00000    0.00000
   0.51000    0.00000    0.00000
   0.57000    0.00000    0.00000
   0.63000    0.00000    0.00000
   0.69000    0.00000    0.00000
   0.75000    0.00000    0.00000
   0.81000    0.00000    0.00000
   0.87000    0.00000    0.00000
   0.93000    0.00000    0.00000
   0.99000    0.00000    0.00000
   1.05000    0.00000    0.00000
   1.11000    0.00000    0.00000
   1.17000    0.00000    0.00000
   1.23000    0.00000    0.00000
   1.29000    0.00000    0.00000
   1.35000    0.00000    0.00000
   1.41000    0.00000    0.00000
   1.47000    0.00000    0.00000
   1.53000    0.00000    0.00000
   1.59000    0.00000    0.00000
   1.65000    0.00000    0.00000
   1.71000    0.00000    0.00000
   1.77000    0.00000    0.00000
   1.83000    0.00000    0.00000
   1.89000    0.00000    0.00000
   1.95000    0.00000    0.00000
   2.01000    0.00000    0.00000
   2.07000    0.00000    0.00000
   2.13000    0.00000    0.00000
   2.19000    0.00000    0.00000
   2.25000    0.00000    0.00000
   2.31000    0.00000    0.00000
   2.37000    0.00000    0.00000
   2.43000    0.00686    0.00102
   2.49000    0.09915    0.01653
   2.55000    0.63873    0.12130
   2.61000    1.65535    0.40576
   2.67000    2.72996    0.89669
   2.73000    3.13572    1.48623
   2.79000    2.87400    2.05056
   2.85000    2.37521    2.53723
   2.91000    1.78031    2.91753
   2.97000    1.37364    3.22318
   3.03000    1.07094    3.47121
   3.09000    0.89933    3.68782
   3.15000    0.82936    3.89541
   3.21000    0.78121    4.09846
   3.27000    0.76187    4.30396
   3.33000    0.78025    4.52222
   3.39000    0.78107    4.74864
   3.45000    0.78433    4.98414
   3.51000    0.83910    5.24491
   3.57000    0.82274    5.50942
   3.63000    0.85833    5.79472
   3.69000    0.88886    6.10002
   3.75000    0.92916    6.42962
   3.81000    0.94915    6.77717
   3.87000    0.96910    7.14330
   3.93000    0.97783    7.52426
   3.99000    1.02377    7.93540
   4.05000    1.03114    8.36204
   4.11000    1.06132    8.81427
   4.17000    1.06767    9.28259
   4.23000    1.11162    9.78432
   4.29000    1.09347   10.29197
   4.35000    1.12412   10.82853
   4.41000    1.11520   11.37563
   4.47000    1.13554   11.94797
   4.53000    1.11459   12.52493
   4.59000    1.10553   13.11246
   4.65000    1.12151   13.72416
   4.71000    1.09264   14.33560
   4.77000    1.08878   14.96050
   4.83000    1.07134   15.59095
   4.89000    1.05361   16.22647
   4.95000    1.03045   16.86337
   5.01000    1.01735   17.50751
   5.07000    1.00753   18.16080
   5.13000    0.99307   18.82005
   5.19000    0.98234   19.48751
   5.25000    0.96685   20.15974
   5.31000    0.93282   20.82320
   5.37000    0.93506   21.50338
   5.43000    0.91051   22.18057
   5.49000    0.90305   22.86715
   5.55000    0.90599   23.57109
   5.61000    0.87792   24.26806
   5.67000    0.90338   25.00067
   5.73000    0.90157   25.74736
   5.79000    0.91734   26.52310
   5.85000    0.90552   27.30481
   5.91000    0.92142   28.11664
   5.97000    0.93502   28.95726
